0
0
0
0
0
0
0
0
0
0
0
86.7966
141.375
157.18
132.872
82.9771
0
0
0
0
0
0
0
0
0
0
0
0
0
0
0
0
0
0
0
0
62.4879
83.8971
105.785
79.3768
0
0
0
0
0
0
0
0
0
0
0
0
0
0
0
0
0
0
0
0
0
0
56.7574
0
0
0
0
0
0
0
0
0
0
0
0
0
0
0
0
0
0
0
50.8934
119.615
147.864
158.455
146.629
117.327
80.0664
0
0
0
0
0
0
0
0
0
0
0
0
0
0
0
0
0
50.9175
120.237
148.611
159.503
147.499
118.143
80.7548
0
0
0
0
0
0
0
0
0
0
0
0
0
0
0
0
0
65.9902
128.217
147.664
155.233
147.249
127.316
96.4507
0
0
0
0
0
0
0
0
0
0
0
0
0
0
0
0
0
0
107.829
144.252
157.261
144.537
124.346
98.5499
0
0
0
0
0
0
0
0
0
0
0
0
0
0
0
0
0
0
81.5118
105.536
108.03
85.6203
56.3936
57.1006
0
0
0
0
0
0
0
0
0
0
0
0
0
0
0
0
0
0
0
64.7525
75.9645
56.3652
62.6684
50.7503
0
0
0
0
0
0
0
0
0
0
0
0
0
0
0
0
0
66.2735
129.298
149.167
156.276
149.81
129.279
98.6484
50.029
0
0
0
0
0
0
0
0
0
0
0
0
0
0
0
0
0
68.5514
78.9628
84.0069
82.1341
59.1598
0
0
0
0
0
0
0
0
0
0
0
0
0
0
0
0
0
0
66.4875
130.191
150.306
157.004
151.186
131.13
99.8072
51.5911
0
0
0
0
0
0
0
0
0
0
0
0
0
0
0
0
99.1814
130.397
151.191
157.669
151.609
131.545
100.63
52.4767
0
0
0
0
0
0
0
0
0
0
0
0
0
0
0
0
99.7743
131.147
151.515
157.747
152.627
132.504
101.464
53.3991
0
0
0
0
0
0
0
0
0
0
0
0
0
0
0
0
99.9249
131.381
151.854
157.828
153.079
133.261
102.307
54.3387
0
0
0
0
0
0
0
0
0
0
0
0
0
0
0
0
0
0
0
0
0
0
0
0
0
0
0
0
0
0
0
0
0
0
0
0
0
0
0
0
100.263
131.893
153.162
158.591
154.372
134.171
103.718
55.6253
0
0
0
0
0
0
0
0
0
0
0
0
0
0
0
0
0
95.819
113.807
51.9094
0
0
94.8947
60.2677
0
0
0
0
0
0
0
0
0
0
0
0
0
0
0
0
0
56.0365
78.4042
106.047
135.63
115.427
89.3577
0
0
0
0
0
0
0
0
0
0
0
0
0
0
0
0
0
0
0
0
79.3781
59.4434
0
0
0
0
0
0
0
0
0
0
0
0
0
0
0
0
0
0
0
102.458
134.507
155.372
160.986
156.805
138.511
107.748
60.0858
0
0
0
0
0
0
0
0
0
0
0
0
0
0
0
0
0
94.8095
138.648
144.078
141.449
118.375
109.77
60.8157
0
0
0
0
0
0
0
0
0
0
0
0
0
0
0
0
86.5131
103.114
115.651
138.036
160.765
131.135
85.7703
52.1731
0
0
0
0
0
0
0
0
0
0
0
0
0
0
0
0
0
0
0
0
0
0
0
0
0
0
0
0
0
0
0
0
0
0
0
0
0
0
0
0
0
0
0
0
88.207
60.4926
0
0
0
0
0
0
0
0
0
0
0
0
0
0
0
0
0
0
0
0
0
0
0
0
0
0
0
0
0
0
0
0
0
0
0
0
0
0
0
0
0
0
0
0
0
0
0
0
0
0
0
0
0
0
0
0
0
0
0
0
0
0
0
0
0
0
0
0
0
0
0
0
0
0
0
0
0
0
0
0
0
0
0
0
0
0
0
0
0
0
109.739
133.797
148.724
154.367
142.838
120.551
0
0
0
0
0
0
0
0
0
0
0
0
0
0
0
0
0
0
83.7535
108.81
113.059
125.041
153.018
151.245
119.81
74.0925
0
0
0
0
0
0
0
0
0
0
0
0
0
0
0
0
71.26
117.869
160.164
158.407
114.674
49.8851
0
0
0
0
0
0
0
0
0
0
0
0
0
0
0
0
0
0
0
0
0
0
0
0
0
0
0
0
0
0
0
0
0
0
0
0
0
0
0
0
0
0
0
0
0
0
0
0
0
0
0
0
0
0
0
0
0
0
0
0
0
0
0
0
0
0
0
80.3939
86.6229
99.0722
79.4759
0
0
0
0
0
0
0
0
0
0
0
0
0
0
0
0
0
0
0
111.565
145.407
162.459
168.352
164.201
152.534
120.353
76.8818
0
0
0
0
0
0
0
0
0
0
0
0
0
0
0
0
111.992
145.96
162.602
168.509
164.951
153.193
120.899
78.541
0
0
0
0
0
0
0
0
0
0
0
0
0
0
0
0
112.913
147.091
163.338
169.267
165.901
154.158
121.952
79.4376
0
0
0
0
0
0
0
0
0
0
0
0
0
0
0
0
0
0
76.5205
88.0654
135.28
142.645
75.1807
0
0
0
0
0
0
0
0
0
0
0
0
0
0
0
0
0
96.9103
103.916
73.4184
0
89.3186
143.344
91.5633
0
0
0
0
0
0
0
0
0
0
0
0
0
0
0
0
0
120.502
155.555
160.02
140.636
120.024
109.837
90.958
0
0
0
0
0
0
0
0
0
0
0
0
0
0
0
0
0
115.278
150.063
164.537
170.529
154.599
131.327
119.396
68.8656
0
0
0
0
0
0
0
0
0
0
0
0
0
0
0
0
0
0
0
0
0
0
0
82.4239
0
0
0
0
0
0
0
0
0
0
0
0
0
0
0
0
0
0
0
0
0
0
0
0
0
0
0
0
0
0
0
0
0
0
0
0
0
0
0
0
104.844
130.714
169.398
150.084
112.307
126.213
112.186
79.7579
0
0
0
0
0
0
0
0
0
0
0
0
0
0
0
0
101.481
96.5336
76.251
0
0
0
0
0
0
0
0
0
0
0
0
0
0
0
0
0
0
0
0
0
120.527
154.525
168.564
173.053
171.194
159.04
130.684
90.8216
0
0
0
0
0
0
0
0
0
0
0
0
0
0
0
0
95.496
142.452
150.578
142.288
141.538
139.423
123.19
91.268
0
0
0
0
0
0
0
0
0
0
0
0
0
0
0
0
0
85.2279
149.339
172.325
159.538
106.269
0
0
0
0
0
0
0
0
0
0
0
0
0
0
0
0
0
0
67.6734
84.6887
122.691
131.852
88.8394
53.4666
0
0
0
0
0
0
0
0
0
0
0
0
0
0
0
0
0
0
0
0
148.459
172.772
125.096
0
55.8978
0
0
0
0
0
0
0
0
0
0
0
0
0
0
0
0
0
0
0
135.387
137.84
124.625
60.9702
0
49.6181
0
0
0
0
0
0
0
0
0
0
0
0
0
0
0
0
68.4967
118.582
116.065
114.998
110.846
112.332
102.063
100.846
0
0
0
0
0
0
0
0
0
0
0
0
0
0
0
0
0
71.6409
94.7346
81.1375
125.497
119.114
0
0
0
0
0
0
0
0
0
0
0
0
0
0
0
0
0
0
0
93.3365
109.279
128.119
130.075
123.545
87.0607
87.4047
0
0
0
0
0
0
0
0
0
0
0
0
0
0
0
57.7609
133.452
162.457
168.425
163.587
170.228
147.072
91.4593
71.8997
0
0
0
0
0
0
0
0
0
0
0
0
0
0
0
0
0
0
51.2379
0
0
0
0
0
0
0
0
0
0
0
0
0
0
0
0
0
0
0
0
0
123.905
117.995
98.1353
105.429
94.0715
0
0
0
0
0
0
0
0
0
0
0
0
0
0
0
0
0
0
0
109.973
115.765
144.161
133.85
138.144
131.265
114.757
58.8352
0
0
0
0
0
0
0
0
0
0
0
0
0
0
0
0
0
0
76.8432
171.546
147.837
76.3757
0
0
0
0
0
0
0
0
0
0
0
0
0
0
0
0
0
59.0888
133.025
159.761
172.924
172.918
172.83
163.902
141.971
100.142
0
0
0
0
0
0
0
0
0
0
0
0
0
0
0
61.3738
96.908
61.6463
75.202
75.6219
0
54.6104
0
0
0
0
0
0
0
0
0
0
0
0
0
0
0
0
0
52.7062
134.991
153.813
165.975
172.613
172.54
162.992
133.797
89.477
0
0
0
0
0
0
0
0
0
0
0
0
0
0
0
0
0
0
0
0
55.9835
69.6932
86.3466
0
0
0
0
0
0
0
0
0
0
0
0
0
0
0
0
0
0
0
0
67.9356
0
0
0
0
0
0
0
0
0
0
0
0
0
0
0
0
0
0
0
0
0
0
0
0
0
0
0
0
0
0
0
0
0
0
0
0
0
0
0
0
0
0
0
0
0
0
0
0
94.9482
114.866
51.2119
0
0
0
0
0
0
0
0
0
0
0
0
0
0
0
0
66.2283
141.076
163.956
173.652
173.68
173.587
166.853
146.734
105.157
54.4441
0
0
0
0
0
0
0
0
0
0
0
0
0
0
0
79.3005
112.477
131.63
125.081
107.381
132.974
146.076
101.045
0
0
0
0
0
0
0
0
0
0
0
0
0
0
0
51.6234
126.8
168.687
164.738
156.288
169.91
158.371
124.323
81.7203
0
0
0
0
0
0
0
0
0
0
0
0
0
0
0
0
77.7056
95.2516
77.8127
57.5954
61.6631
86.3751
96.0465
68.256
0
0
0
0
0
0
0
0
0
0
0
0
0
0
0
102.132
145.023
166.095
172.492
172.376
172.452
168.597
148.27
107.781
56.7986
0
0
0
0
0
0
0
0
0
0
0
0
0
0
0
0
0
55.3778
95.2575
112.822
62.6588
0
0
0
0
0
0
0
0
0
0
0
0
0
0
0
0
0
0
0
49.9909
52.1253
0
0
0
0
0
0
0
0
0
0
0
0
0
0
0
0
0
0
0
0
105.562
146.83
167.868
172.847
172.77
172.857
169.6
149.126
108.456
58.7575
0
0
0
0
0
0
0
0
0
0
0
0
0
0
106.67
146.994
168.663
172.043
171.903
171.981
170.336
149.796
95.2634
59.697
0
0
0
0
0
0
0
0
0
0
0
0
0
0
107.309
147.729
168.861
171.947
171.805
171.915
170.471
149.891
93.1334
60.013
0
0
0
0
0
0
0
0
0
0
0
0
0
0
108.429
148.465
169.658
171.966
171.792
171.76
171.406
149.984
89.5087
60.6482
0
0
0
0
0
0
0
0
0
0
0
0
0
0
72.3339
138.332
161.651
164.632
170.397
171.879
165.725
125.042
88.5931
56.7325
0
0
0
0
0
0
0
0
0
0
0
0
0
0
94.8309
110.987
142.199
162.636
149.55
99.2372
88.2013
106.938
50.1362
0
0
0
0
0
0
0
0
0
0
0
0
0
0
0
0
0
0
0
0
0
0
0
0
0
0
0
0
0
0
0
0
0
0
0
0
0
0
0
0
0
0
0
0
0
0
0
0
0
0
0
0
0
0
0
0
0
0
0
0
0
0
0
116.771
116.145
82.7672
90.4192
144.528
172.721
167.45
126.295
51.6409
0
0
0
0
0
0
0
0
0
0
0
0
0
0
0
113.803
150.607
172.274
172.263
172.241
172.146
172.205
151.096
84.1302
63.8873
0
0
0
0
0
0
0
0
0
0
0
0
0
0
0
54.8476
96.8337
95.5711
111.422
140.726
144.942
128.17
72.2916
0
0
0
0
0
0
0
0
0
0
0
0
0
0
0
0
109.993
116.146
114.573
157.103
172.035
171.955
158.556
122.767
73.0711
0
0
0
0
0
0
0
0
0
0
0
0
0
0
0
0
0
0
0
0
0
0
0
0
0
0
0
0
0
0
0
0
0
0
0
0
0
0
118.602
153.177
172.437
172.399
172.366
172.364
172.368
152.727
75.1793
67.8329
0
0
0
0
0
0
0
0
0
0
0
0
0
0
0
0
0
0
0
0
0
0
0
0
0
0
0
0
0
0
0
0
0
0
0
0
0
0
90.8049
93.8215
75.5933
72.5559
57.3161
60.0916
68.9784
60.3261
57.0139
0
0
0
0
0
0
0
0
0
0
0
0
0
0
0
86.8894
114.223
160.884
172.536
172.574
172.59
158.506
134.638
80.5243
0
0
0
0
0
0
0
0
0
0
0
0
0
0
0
115.676
157.463
172.011
147.852
125.344
135.803
111.674
112.947
122.391
75.2598
0
0
0
0
0
0
0
0
0
0
0
0
0
0
116.29
157.617
166.641
166.684
149.494
136.45
142.579
138.395
114.266
65.1909
0
0
0
0
0
0
0
0
0
0
0
0
0
0
122.494
153.316
171.872
171.874
171.836
171.825
171.939
148.081
70.4582
70.4626
0
0
0
0
0
0
0
0
0
0
0
0
0
0
123.129
154.241
171.715
171.768
171.768
171.726
171.862
145.766
70.4557
70.5126
0
0
0
0
0
0
0
0
0
0
0
0
0
0
124.288
154.389
171.737
171.79
171.797
171.761
171.851
144.63
70.465
70.4657
0
0
0
0
0
0
0
0
0
0
0
0
0
0
0
0
85.6056
153.273
162.124
171.738
163.59
141.097
87.4765
0
0
0
0
0
0
0
0
0
0
0
0
0
0
0
0
0
0
0
56.1816
51.7802
0
0
0
0
0
0
0
0
0
0
0
0
0
0
0
0
0
0
0
0
0
0
0
0
0
0
0
0
0
0
0
0
0
0
0
0
0
0
0
0
0
0
0
0
0
0
0
0
0
0
0
0
0
0
0
0
0
0
0
0
0
0
0
0
0
51.2547
128.997
156.866
173.068
173.042
172.959
172.934
173.006
151.195
70.2739
70.2186
0
0
0
0
0
0
0
0
0
0
0
0
0
0
130.147
158.959
171.516
171.55
171.544
158.166
142.638
124.746
112.72
78.036
0
0
0
0
0
0
0
0
0
0
0
0
0
53.0816
130.746
157.732
171.597
171.533
171.506
171.398
171.395
134.36
70.2102
70.1694
0
0
0
0
0
0
0
0
0
0
0
0
0
0
105.379
158.455
151.719
162.136
141.907
112.766
124.273
143.753
113.321
0
0
0
0
0
0
0
0
0
0
0
0
0
0
54.4693
131.966
158.591
171.758
171.693
171.662
171.573
171.567
133.862
70.1901
70.165
0
0
0
0
0
0
0
0
0
0
0
0
0
55.3783
132.628
158.725
171.65
171.571
171.551
171.469
171.451
131.479
70.2152
70.2035
0
0
0
0
0
0
0
0
0
0
0
0
0
56.2181
133.289
159.641
171.662
171.595
171.544
171.511
171.486
129.646
70.2507
70.2149
0
0
0
0
0
0
0
0
0
0
0
0
0
0
103.455
114.638
133.988
171.672
171.637
162.177
140.247
117.818
73.8321
0
0
0
0
0
0
0
0
0
0
0
0
0
0
0
86.3421
99.9908
0
0
0
0
0
0
0
0
0
0
0
0
0
0
0
0
0
0
0
0
0
0
0
0
0
0
0
0
0
0
0
0
0
0
0
0
0
0
0
0
0
0
0
0
0
0
0
0
0
0
0
0
0
0
0
0
0
0
0
0
0
0
0
0
0
0
0
0
0
0
0
0
0
0
0
0
0
0
0
0
0
0
0
0
0
0
0
0
0
0
0
0
0
0
0
0
0
0
50.231
0
0
0
0
0
0
0
0
0
0
0
0
0
0
0
0
0
0
0
0
0
123.797
139.577
117.744
94.0203
66.0167
0
0
0
0
0
0
0
0
0
0
0
0
0
0
0
0
90.0223
135.937
162.383
173.64
173.567
173.595
173.477
173.539
122.727
70.3456
70.2114
0
0
0
0
0
0
0
0
0
0
0
0
0
79.1194
129
161.312
144.391
139.6
121.083
88.2868
77.2656
61.4387
0
0
0
0
0
0
0
0
0
0
0
0
0
0
0
0
0
0
0
0
0
0
0
0
0
0
0
0
0
0
0
0
0
0
0
0
0
0
0
0
91.9037
93.679
71.6342
51.5191
80.4886
117.348
135.056
116.434
84.7186
0
0
0
0
0
0
0
0
0
0
0
0
0
0
0
0
0
106.158
149.386
129.454
144
94.609
0
0
0
0
0
0
0
0
0
0
0
0
0
0
0
0
97.1685
137.483
163.265
172.353
172.273
172.104
172.015
172.026
101.711
70.0191
70.02
0
0
0
0
0
0
0
0
0
0
0
0
0
98.1667
137.564
163.273
171.677
171.602
171.492
171.43
171.437
86.2309
70.0861
70.0509
0
0
0
0
0
0
0
0
0
0
0
0
0
94.4768
132.444
157.753
171.505
171.496
171.394
171.343
170.207
101.579
70.0191
69.9893
0
0
0
0
0
0
0
0
0
0
0
0
0
0
0
82.5322
147.824
136.967
143.212
133.436
102.087
88.4212
51.0666
0
0
0
0
0
0
0
0
0
0
0
0
0
0
0
0
81.8481
113.379
95.1755
77.1761
59.6399
0
0
0
0
0
0
0
0
0
0
0
0
0
0
0
0
0
101.473
138.97
152.832
172.154
172.148
172.066
165.396
162.502
120.846
70.0903
69.9053
0
0
0
0
0
0
0
0
0
0
0
0
0
50.6867
125.644
161.527
166.018
155.234
156.342
123.713
114.196
137.938
122.94
82.8089
0
0
0
0
0
0
0
0
0
0
0
0
0
98.6412
135.566
159.555
171.466
171.459
171.466
171.433
171.462
99.2842
70.0825
70.0577
0
0
0
0
0
0
0
0
0
0
0
0
0
0
88.8509
116.068
123.456
148.178
171.354
171.364
156.218
148.526
131.534
74.1471
0
0
0
0
0
0
0
0
0
0
0
0
0
99.7187
135.683
160.15
171.481
171.491
171.513
171.503
171.536
97.6418
70.1204
70.0867
0
0
0
0
0
0
0
0
0
0
0
0
0
100.003
135.736
160.149
171.452
171.439
171.448
171.428
171.455
88.4418
70.1467
70.1068
0
0
0
0
0
0
0
0
0
0
0
0
0
100.76
135.787
160.147
171.533
171.505
171.51
171.478
171.492
87.9526
70.1476
70.1189
0
0
0
0
0
0
0
0
0
0
0
0
0
0
62.6398
94.9033
65.2382
56.0842
0
54.2666
0
0
0
0
0
0
0
0
0
0
0
0
0
0
0
0
0
0
66.192
98.0659
155.125
130.302
126.788
111.467
68.4238
88.1111
58.1036
0
0
0
0
0
0
0
0
0
0
0
0
0
0
0
0
0
0
0
0
0
0
0
0
0
0
0
0
0
0
0
0
0
0
0
0
0
0
0
0
0
0
0
0
0
0
0
0
0
0
0
0
0
0
0
0
0
0
0
0
0
0
0
0
0
58.9587
67.0329
62.094
0
0
0
0
0
0
0
0
0
0
0
0
0
0
0
0
0
0
0
0
0
0
0
0
0
0
0
0
0
0
0
0
0
0
0
0
0
0
0
0
0
0
0
0
0
0
0
0
0
0
0
0
0
0
0
0
0
0
0
0
0
0
0
0
0
0
103.757
137.405
160.887
173.815
173.775
173.77
173.645
172.714
115.936
70.142
70.0083
0
0
0
0
0
0
0
0
0
0
0
0
0
108.533
120.241
123.356
148.605
157.872
161.817
171.113
142.053
117.599
106.345
67.6322
0
0
0
0
0
0
0
0
0
0
0
0
0
0
0
94.865
152.459
171.31
171.439
125.509
102.033
76.6003
87.4235
64.05
0
0
0
0
0
0
0
0
0
0
0
0
0
104.295
137.482
160.856
171.627
171.556
171.514
171.361
171.308
91.7626
69.9376
69.8878
0
0
0
0
0
0
0
0
0
0
0
0
0
104.454
137.502
160.843
171.454
171.399
171.324
171.194
171.156
81.9574
69.8133
69.9975
0
0
0
0
0
0
0
0
0
0
0
0
0
105.098
138.08
160.83
171.476
171.399
171.361
171.238
171.206
80.7546
69.8573
69.888
0
0
0
0
0
0
0
0
0
0
0
0
0
105.239
137.534
161.408
171.439
171.382
171.346
171.203
171.174
80.5196
69.8202
69.8449
0
0
0
0
0
0
0
0
0
0
0
0
0
0
0
98.2076
71.7194
54.5967
55.6763
0
0
0
0
0
0
0
0
0
0
0
0
0
0
0
0
0
0
0
0
0
0
92.4039
134.776
162.611
129.953
114.498
68.2199
0
0
0
0
0
0
0
0
0
0
0
0
0
0
105.613
138.155
161.36
171.939
171.892
171.725
171.688
171.631
91.3638
69.7796
69.8249
0
0
0
0
0
0
0
0
0
0
0
0
0
105.716
138.161
161.355
171.41
171.311
171.195
171.126
171.093
79.4218
69.7208
69.7587
0
0
0
0
0
0
0
0
0
0
0
0
0
105.809
138.164
161.338
171.391
171.337
171.197
171.121
171.074
79.0063
69.7343
69.7732
0
0
0
0
0
0
0
0
0
0
0
0
0
104.897
137.042
159.939
171.334
171.293
171.21
171.145
166.311
87.5925
69.6937
69.7556
0
0
0
0
0
0
0
0
0
0
0
0
0
95.9972
118.145
141.381
171.167
171.235
171.2
171.025
162.485
137.979
69.6604
69.7093
0
0
0
0
0
0
0
0
0
0
0
0
0
89.2387
135.73
164.24
143.878
132.878
156.476
164.06
148.563
133.079
118.944
69.1021
0
0
0
0
0
0
0
0
0
0
0
0
0
0
0
0
56.1932
0
0
0
0
0
0
0
0
0
0
0
0
0
0
0
0
0
0
0
0
0
0
0
0
0
0
73.484
50.1313
0
0
0
0
0
0
0
0
0
0
0
0
0
0
0
0
0
0
0
0
0
0
0
0
0
0
0
0
0
0
0
0
0
0
0
0
0
0
0
0
0
0
0
0
0
0
0
0
0
0
0
0
0
0
0
0
0
0
0
0
0
0
0
0
0
0
0
0
0
0
0
0
0
0
0
0
0
0
0
0
0
0
0
0
0
0
0
0
109.42
115.096
141.255
132.369
130.129
154.628
170.469
158.111
119.655
93.8674
86.4596
53.8753
0
0
0
0
0
0
0
0
0
0
0
0
105.263
135.653
158.576
171.465
171.467
171.431
171.377
171.454
95.5681
69.6702
69.7262
0
0
0
0
0
0
0
0
0
0
0
0
0
105.263
135.635
157.964
171.151
171.112
171.063
171.001
171.002
85.4261
69.6633
69.7173
51.2152
0
0
0
0
0
0
0
0
0
0
0
0
105.255
135.616
157.942
171.183
171.153
171.122
171.063
132.276
69.8069
69.691
69.7289
51.4472
0
0
0
0
0
0
0
0
0
0
0
0
109.404
140.266
160.481
171.186
171.141
171.181
163.278
128.527
69.9434
69.723
69.778
56.2151
0
0
0
0
0
0
0
0
0
0
0
0
105.217
135.572
157.899
171.139
171.117
171.09
171.044
132.39
69.8355
69.7141
69.7554
52.3325
0
0
0
0
0
0
0
0
0
0
0
0
82.5963
112.169
140.551
171.052
171.092
142.78
118.535
117.368
109.332
106.736
88.6902
0
0
0
0
0
0
0
0
0
0
0
0
0
102.987
133.843
156.675
171.016
171.021
170.999
170.953
170.335
99.2895
69.66
69.7119
51.2725
0
0
0
0
0
0
0
0
0
0
0
0
0
113.8
163.345
159.066
116.566
73.9551
67.4425
86.9988
69.9667
75.041
68.2674
0
0
0
0
0
0
0
0
0
0
0
0
0
85.5906
92.6693
69.878
91.9322
89.178
73.3316
52.4256
0
66.8459
62.8262
0
0
0
0
0
0
0
0
0
0
0
0
0
0
0
0
0
0
0
0
72.1323
88.2325
49.117
0
0
0
0
0
0
0
0
0
0
0
0
0
0
0
103.273
134.29
156.59
171.961
171.94
171.921
172.012
171.011
107.458
69.6498
69.7242
52.9544
0
0
0
0
0
0
0
0
0
0
0
0
104.201
135.38
157.751
170.955
170.939
170.923
170.883
133.742
69.7258
69.6194
69.6666
54.2476
0
0
0
0
0
0
0
0
0
0
0
0
104.125
134.788
157.73
170.894
170.863
170.833
170.785
134.148
69.6755
69.5688
69.6261
54.7325
0
0
0
0
0
0
0
0
0
0
0
0
104.043
134.756
157.71
170.831
170.82
170.805
170.775
133.948
69.7187
69.613
69.6509
54.8629
0
0
0
0
0
0
0
0
0
0
0
0
103.956
134.723
157.101
170.797
170.797
170.786
170.757
134.4
69.7173
69.5933
69.6304
54.9823
0
0
0
0
0
0
0
0
0
0
0
0
103.861
134.688
157.08
170.85
170.848
170.833
170.803
134.612
69.7354
69.6326
69.671
55.0904
0
0
0
0
0
0
0
0
0
0
0
0
103.761
134.652
157.061
170.938
170.931
170.914
170.884
135.041
69.7794
69.6657
69.7069
55.1872
0
0
0
0
0
0
0
0
0
0
0
0
103.656
134.616
157.042
171.05
171.034
171.008
170.963
135.357
69.7921
69.6812
69.7318
55.2724
0
0
0
0
0
0
0
0
0
0
0
0
103.051
134.021
157.024
171.029
171.017
170.978
170.927
136.733
69.7283
69.6178
69.6792
55.6947
0
0
0
0
0
0
0
0
0
0
0
0
102.936
133.983
157.006
171.092
171.071
171.034
170.986
136.807
69.7781
69.675
69.7271
55.7566
0
0
0
0
0
0
0
0
0
0
0
0
102.816
133.945
156.988
171.117
171.092
171.046
170.967
137.303
69.7548
69.6448
69.6948
55.8068
0
0
0
0
0
0
0
0
0
0
0
0
102.198
133.907
156.971
171.106
171.076
171.001
170.962
138.03
69.7378
69.6354
69.6948
55.8446
0
0
0
0
0
0
0
0
0
0
0
0
72.6309
112.82
145.756
169.017
171.151
171.041
171.068
152.011
119.641
69.6638
69.6401
56.5683
0
0
0
0
0
0
0
0
0
0
0
0
101.937
133.831
156.351
170.932
170.93
170.914
170.881
151.794
69.8007
69.6414
69.6816
55.8827
0
0
0
0
0
0
0
0
0
0
0
0
101.799
133.792
156.336
170.967
170.965
170.944
170.908
138.552
69.7632
69.6541
69.6973
55.8825
0
0
0
0
0
0
0
0
0
0
0
0
101.656
133.751
156.321
171.037
171.029
170.991
170.938
138.892
69.7446
69.637
69.6984
55.8691
0
0
0
0
0
0
0
0
0
0
0
0
101.019
133.154
156.307
171.076
171.083
171.063
171.017
140.384
69.8542
69.6953
69.7475
55.8425
0
0
0
0
0
0
0
0
0
0
0
0
100.869
133.114
156.295
171.05
171.04
171.01
170.956
140.771
69.7904
69.6217
69.6647
55.8032
0
0
0
0
0
0
0
0
0
0
0
0
0
113.757
148.232
148.698
153.536
162.019
153.184
155.365
124.395
94.0017
76.0785
0
0
0
0
0
0
0
0
0
0
0
0
0
100.558
133.035
156.271
170.953
170.955
170.923
170.869
170.948
102.468
69.5361
69.6165
56.0316
0
0
0
0
0
0
0
0
0
0
0
0
100.397
132.995
155.476
170.815
170.836
170.824
170.793
141.584
69.7724
69.5939
69.6367
55.6027
0
0
0
0
0
0
0
0
0
0
0
0
0
0
54.2311
0
0
0
0
0
53.5559
60.3414
85.5154
51.9436
0
0
0
0
0
0
0
0
0
0
0
0
99.5773
132.914
155.456
171.139
171.158
171.11
171.056
171.115
107.138
69.4667
69.5566
55.0706
0
0
0
0
0
0
0
0
0
0
0
0
99.4055
132.317
155.448
170.842
170.8
170.7
170.647
143.762
69.5906
69.4378
69.5048
54.948
0
0
0
0
0
0
0
0
0
0
0
0
99.2316
132.278
155.44
170.825
170.799
170.749
170.688
143.685
69.6502
69.5008
69.5608
55.1394
0
0
0
0
0
0
0
0
0
0
0
0
99.0546
132.239
155.434
170.83
170.852
170.826
170.78
143.735
69.7556
69.5942
69.6448
54.9873
0
0
0
0
0
0
0
0
0
0
0
0
98.8746
132.199
155.428
170.815
170.835
170.814
170.785
143.921
69.7662
69.6013
69.644
54.4782
0
0
0
0
0
0
0
0
0
0
0
0
98.2095
132.16
154.834
170.893
170.915
170.896
170.85
145.224
69.7836
69.6341
69.6729
54.2979
0
0
0
0
0
0
0
0
0
0
0
0
98.0238
131.379
154.829
171.1
170.973
170.938
170.895
146.396
69.8059
69.6462
69.6851
54.1029
0
0
0
0
0
0
0
0
0
0
0
0
97.8366
131.341
154.827
170.873
170.905
170.89
170.864
146.7
69.7988
69.6351
69.6735
53.8933
0
0
0
0
0
0
0
0
0
0
0
0
96.0522
130.193
153.647
170.85
170.792
170.79
170.757
150.352
69.7114
69.5579
69.6037
52.2276
0
0
0
0
0
0
0
0
0
0
0
0
0
0
0
0
159.297
159.299
111.71
69.3799
0
0
0
0
0
0
0
0
0
0
0
0
0
0
0
0
0
0
0
0
67.6668
0
0
0
0
0
0
0
0
0
0
0
0
0
0
0
0
0
0
0
66.3166
104.516
146.764
167.735
170.473
156.572
146.07
160.023
157.945
132.726
80.6381
0
0
0
0
0
0
0
0
0
0
0
0
0
0
0
78.8305
128.172
123.497
121.111
146.077
111.704
79.4223
74.5965
56.6834
0
0
0
0
0
0
0
0
0
0
0
0
0
0
0
0
0
0
0
0
0
0
0
0
0
0
0
0
0
0
0
0
0
0
0
0
0
95.3397
130.496
154.229
171.379
171.34
171.316
171.271
171.335
117.251
69.5783
69.5626
51.1896
0
0
0
0
0
0
0
0
0
0
0
0
95.136
130.461
154.233
170.765
170.681
170.66
170.617
150.041
69.7738
69.6296
69.5725
0
0
0
0
0
0
0
0
0
0
0
0
0
94.9306
130.426
154.238
170.703
170.632
170.627
170.591
170.674
103.188
69.6673
69.6321
0
0
0
0
0
0
0
0
0
0
0
0
0
94.2529
129.837
154.244
170.712
170.635
170.637
170.609
170.691
104.535
69.7042
69.665
0
0
0
0
0
0
0
0
0
0
0
0
0
94.0442
129.803
154.251
170.713
170.638
170.628
170.581
170.657
104.654
69.6543
69.6136
0
0
0
0
0
0
0
0
0
0
0
0
0
0
104.289
149.35
170.665
170.702
170.7
170.674
168.383
155.459
83.9983
69.5607
0
0
0
0
0
0
0
0
0
0
0
0
0
93.4789
129.736
153.677
170.756
170.755
170.734
170.68
170.743
106.224
69.7101
69.6673
0
0
0
0
0
0
0
0
0
0
0
0
0
0
82.8839
123.247
120.477
106.101
117.301
127.922
144.847
111.051
58.3237
0
0
0
0
0
0
0
0
0
0
0
0
0
0
90.7048
128.564
153.107
170.405
171.278
171.123
171.204
170.41
122.138
69.8657
69.7252
0
0
0
0
0
0
0
0
0
0
0
0
0
72.6193
123.187
120.906
130.638
136.59
114.789
126.685
152.351
124.634
82.6428
49.4546
0
0
0
0
0
0
0
0
0
0
0
0
0
0
0
96.9104
96.9002
91.6003
95.5812
75.1865
82.1128
93.7505
90.0899
69.979
0
0
0
0
0
0
0
0
0
0
0
0
0
87.6504
127.918
152.552
169.82
171.507
171.352
171.427
170.399
129.762
69.8201
69.7023
0
0
0
0
0
0
0
0
0
0
0
0
0
88.857
128.993
153.156
171.048
171.041
170.859
170.924
170.752
112.995
69.6348
69.6061
0
0
0
0
0
0
0
0
0
0
0
0
0
88.2701
120.861
150.617
170.874
170.878
161.297
161.224
160.651
135.04
87.5845
64.6812
0
0
0
0
0
0
0
0
0
0
0
0
0
86.8357
128.382
153.185
170.439
170.811
170.758
170.687
170.368
121.133
69.714
69.5821
0
0
0
0
0
0
0
0
0
0
0
0
0
0
83.5891
135.91
162.724
164.808
146.069
144.273
128.151
115.345
118.508
92.5066
0
0
0
0
0
0
0
0
0
0
0
0
0
86.2078
128.326
153.218
170.43
170.832
170.772
170.692
170.316
125.176
69.6527
69.5234
0
0
0
0
0
0
0
0
0
0
0
0
0
62.8071
132.346
136.486
132.679
145.779
169.813
170.685
147.783
135.642
121.854
64.6395
0
0
0
0
0
0
0
0
0
0
0
0
0
84.5093
128.272
153.148
170.422
170.838
170.797
170.729
170.258
126.801
69.7084
69.5793
0
0
0
0
0
0
0
0
0
0
0
0
0
0
124.2
156.84
170.845
159.476
163.755
153.989
135.568
137.241
109.249
67.3783
0
0
0
0
0
0
0
0
0
0
0
0
0
87.6741
129.875
154.249
159.46
145.195
144.785
153.367
157.432
132.259
85.5734
61.053
0
0
0
0
0
0
0
0
0
0
0
0
0
83.3444
127.643
152.445
169.804
170.825
170.661
170.736
169.557
129.853
69.6439
69.5067
0
0
0
0
0
0
0
0
0
0
0
0
0
82.7011
127.618
152.406
169.8
170.823
170.604
170.691
168.713
122.72
69.7267
69.5748
0
0
0
0
0
0
0
0
0
0
0
0
0
80.8233
127.591
152.369
169.798
170.853
170.703
170.689
168.678
125.145
69.8179
69.7442
0
0
0
0
0
0
0
0
0
0
0
0
0
80.1462
127.566
152.33
169.795
170.936
170.796
170.87
168.641
126.287
69.9312
69.8508
0
0
0
0
0
0
0
0
0
0
0
0
0
77.1544
127.543
151.704
169.793
170.915
170.786
170.867
168.604
130.14
69.8863
69.7981
0
0
0
0
0
0
0
0
0
0
0
0
0
75.3769
126.233
150.882
168.98
170.869
170.716
170.77
167.353
136.211
69.7593
69.7004
0
0
0
0
0
0
0
0
0
0
0
0
0
49.8798
121.618
122.417
136.51
155.034
150.552
156.648
166.101
153.606
129.017
86.3438
0
0
0
0
0
0
0
0
0
0
0
0
0
0
83.0597
94.7161
130.013
134.935
92.7784
70.694
55.8796
59.1729
92.5355
65.8764
0
0
0
0
0
0
0
0
0
0
0
0
0
53.5538
126.897
151.548
168.974
171.35
171.19
171.227
167.842
149.081
72.9653
69.7257
0
0
0
0
0
0
0
0
0
0
0
0
0
54.3527
130.179
132.901
156.19
170.878
160.31
117.531
117.615
95.2811
0
0
0
0
0
0
0
0
0
0
0
0
0
0
0
0
81.7328
120.122
74.6698
0
0
0
0
0
0
0
0
0
0
0
0
0
0
0
0
0
0
0
0
0
0
0
0
69.662
68.084
52.5302
58.4263
87.2143
88.9756
0
0
0
0
0
0
0
0
0
0
0
0
0
0
52.1987
126.073
150.604
168.358
172.029
171.947
171.991
166.456
147.406
85.3265
69.987
0
0
0
0
0
0
0
0
0
0
0
0
0
51.9689
126.052
150.565
168.358
171.174
171.032
171.075
166.413
147.276
75.2376
69.9425
0
0
0
0
0
0
0
0
0
0
0
0
0
51.3034
126.03
150.524
168.357
171.158
171.027
171.062
165.762
146.561
76.6434
69.9591
0
0
0
0
0
0
0
0
0
0
0
0
0
51.0715
125.458
150.483
168.356
171.185
171.053
171.086
165.716
146.425
77.5875
69.955
0
0
0
0
0
0
0
0
0
0
0
0
0
50.4076
125.437
149.855
167.747
171.125
170.998
171.016
165.67
145.709
79.4535
69.8893
0
0
0
0
0
0
0
0
0
0
0
0
0
0
0
0
90.3714
59.2441
51.6691
0
62.1716
49.0308
0
0
0
0
0
0
0
0
0
0
0
0
0
0
0
0
65.3088
76.6919
62.4785
84.6025
88.1839
114.774
102.787
0
0
0
0
0
0
0
0
0
0
0
0
0
0
0
0
0
106.372
146.603
171.592
171.742
151.662
153.534
164.317
151.832
121.887
78.4476
0
0
0
0
0
0
0
0
0
0
0
0
0
49.4677
122.649
80.3533
99.5126
109.168
121.625
120.482
116.048
100.286
71.7278
0
0
0
0
0
0
0
0
0
0
0
0
0
0
0
123.066
146.514
166.519
171.396
171.294
171.227
164.22
143.651
92.8986
67.9423
0
0
0
0
0
0
0
0
0
0
0
0
0
49.8319
125.458
151.545
170.373
171.164
170.998
170.937
166.589
145.997
73.8085
69.3989
0
0
0
0
0
0
0
0
0
0
0
0
0
0
0
0
0
0
0
0
0
0
0
0
0
0
0
0
0
0
0
0
0
0
0
0
0
48.9208
124.28
151.451
169.761
171.732
171.599
171.626
165.875
144.544
83.06
66.641
0
0
0
0
0
0
0
0
0
0
0
0
0
0
122.896
150.04
168.949
171.335
171.186
171.194
164.617
143.055
85.4792
64.0502
0
0
0
0
0
0
0
0
0
0
0
0
0
0
58.0351
0
0
0
0
0
0
0
0
0
0
0
0
0
0
0
0
0
0
0
0
0
0
0
127.767
155.01
109.058
77.805
53.3928
65.1707
87.8518
120.778
75.6849
0
0
0
0
0
0
0
0
0
0
0
0
0
0
0
0
0
0
68.3613
74.2745
0
0
0
0
0
0
0
0
0
0
0
0
0
0
0
0
0
0
0
0
0
0
0
0
0
0
0
0
0
0
0
0
0
0
0
0
0
0
0
0
0
0
0
121.785
150.52
168.941
172.612
172.667
172.563
163.565
142.29
103.404
58.3784
0
0
0
0
0
0
0
0
0
0
0
0
0
0
77.3467
131.385
138.912
165.469
146.489
132.8
153.142
127.873
100.334
48.705
0
0
0
0
0
0
0
0
0
0
0
0
0
0
0
0
79.6501
107.612
106.819
77.9257
0
60.7803
0
0
0
0
0
0
0
0
0
0
0
0
0
0
0
0
95.2887
106.168
77.0135
75.0848
124.837
143.792
131.959
113.353
94.6452
0
0
0
0
0
0
0
0
0
0
0
0
0
0
0
0
52.4693
95.0289
61.4731
0
52.1485
0
0
0
0
0
0
0
0
0
0
0
0
0
0
0
0
0
0
77.1672
146.457
171.558
172.095
171.936
157.84
118.643
80.9319
52.8576
0
0
0
0
0
0
0
0
0
0
0
0
0
0
0
92.8813
116.498
127.32
128.141
159.276
161.064
157.785
94.4207
59.3924
0
0
0
0
0
0
0
0
0
0
0
0
0
0
0
119.319
149.217
168.307
171.546
171.458
171.322
160.775
139.507
99.6069
48.8049
0
0
0
0
0
0
0
0
0
0
0
0
0
0
118.436
147.975
167.088
171.139
153.983
149.273
153.818
133.88
86.8198
0
0
0
0
0
0
0
0
0
0
0
0
0
0
0
117.035
147.895
167.046
171.167
171.168
170.978
158.592
136.752
96.3188
0
0
0
0
0
0
0
0
0
0
0
0
0
0
0
117.699
148.393
167.531
171.272
171.261
171.063
158.99
137.92
96.7629
0
0
0
0
0
0
0
0
0
0
0
0
0
0
0
117.325
148.31
167.407
171.322
171.288
171.148
158.78
137.769
96.1329
0
0
0
0
0
0
0
0
0
0
0
0
0
0
0
0
84.9379
130.848
120.936
150.466
129.815
86.9632
0
0
0
0
0
0
0
0
0
0
0
0
0
0
0
0
0
116.566
148.14
167.156
171.747
171.736
171.605
157.794
136.716
93.8247
0
0
0
0
0
0
0
0
0
0
0
0
0
0
0
116.182
148.054
167.03
171.498
171.425
164.484
148.917
123.276
73.2789
0
0
0
0
0
0
0
0
0
0
0
0
0
0
0
111.058
145.65
164.48
171.412
163.309
164.426
154.255
131.662
89.8518
0
0
0
0
0
0
0
0
0
0
0
0
0
0
0
0
84.3077
159.714
163.605
171.303
139.853
144.812
123.524
50.0918
0
0
0
0
0
0
0
0
0
0
0
0
0
0
0
114.505
147.212
165.437
171.46
171.394
171.263
155.65
131.976
90.1186
0
0
0
0
0
0
0
0
0
0
0
0
0
0
0
115.783
149.627
167.724
171.528
171.501
171.356
158.013
132.848
90.746
0
0
0
0
0
0
0
0
0
0
0
0
0
0
0
114.709
149.534
167.592
171.516
171.471
171.336
157.234
132.075
89.7794
0
0
0
0
0
0
0
0
0
0
0
0
0
0
0
49.8656
51.9907
68.1584
94.1504
123.678
88.246
89.8488
88.9676
0
0
0
0
0
0
0
0
0
0
0
0
0
0
0
0
0
60.3865
0
0
0
0
0
0
0
0
0
0
0
0
0
0
0
0
0
0
0
0
0
0
69.8654
136.371
169.199
165.808
106.081
136.538
114.235
66.6009
58.7807
0
0
0
0
0
0
0
0
0
0
0
0
0
0
0
0
0
0
0
0
0
0
0
0
0
0
0
0
0
0
0
0
0
0
0
0
0
0
0
0
60.1526
109.555
53.389
0
0
0
0
0
0
0
0
0
0
0
0
0
0
0
0
0
0
0
0
0
73.4584
80.4338
103.007
109.883
0
0
0
0
0
0
0
0
0
0
0
0
0
0
0
0
0
0
0
110.816
146.964
165.45
172.914
172.951
169.593
154
124.913
82.9703
0
0
0
0
0
0
0
0
0
0
0
0
0
0
0
110.394
146.868
164.717
171.618
171.602
169.375
153.239
123.675
81.4003
0
0
0
0
0
0
0
0
0
0
0
0
0
0
0
109.483
146.194
164.581
171.458
171.452
168.563
152.485
122.276
79.8538
0
0
0
0
0
0
0
0
0
0
0
0
0
0
0
108.574
146.096
163.847
171.424
171.424
168.359
152.316
121.064
78.0156
0
0
0
0
0
0
0
0
0
0
0
0
0
0
0
108.147
145.995
163.711
171.554
171.527
167.352
151.566
120.375
76.5199
0
0
0
0
0
0
0
0
0
0
0
0
0
0
0
107.225
145.321
162.977
171.767
171.627
166.549
150.82
119.185
74.9195
0
0
0
0
0
0
0
0
0
0
0
0
0
0
0
106.78
145.219
162.841
171.857
171.759
166.35
150.657
118.514
73.4714
0
0
0
0
0
0
0
0
0
0
0
0
0
0
0
105.701
144.346
162.109
171.835
171.71
165.555
149.919
117.35
72.0478
0
0
0
0
0
0
0
0
0
0
0
0
0
0
0
0
107.866
104.272
118.646
89.5026
84.1229
127.386
108.367
0
0
0
0
0
0
0
0
0
0
0
0
0
0
0
0
0
67.54
80.3661
58.0102
94.4223
84.0265
61.0664
54.1297
58.2384
0
0
0
0
0
0
0
0
0
0
0
0
0
0
0
105.455
143.686
141.645
168.636
141.089
76.4249
73.6891
0
0
0
0
0
0
0
0
0
0
0
0
0
0
0
0
0
0
0
0
0
0
0
0
0
0
0
0
0
0
0
0
0
0
0
0
0
0
0
0
0
105.476
117.288
102.73
109.225
79.6288
59.967
135.706
79.8312
51.8573
0
0
0
0
0
0
0
0
0
0
0
0
0
0
0
92.2886
118.097
108.981
121.237
97.8404
97.5382
56.0449
0
0
0
0
0
0
0
0
0
0
0
0
0
0
0
0
0
0
93.0094
80.0923
112.222
81.7946
111.168
72.25
0
0
0
0
0
0
0
0
0
0
0
0
0
0
0
0
0
99.6188
136.628
158.409
167.717
168.975
160.902
145.292
108.867
60.7929
0
0
0
0
0
0
0
0
0
0
0
0
0
0
0
67.2577
136.08
157.664
166.938
167.984
160.733
144.026
108.311
59.1948
0
0
0
0
0
0
0
0
0
0
0
0
0
0
0
65.7661
134.952
157.513
166.161
167.785
159.972
143.346
107.289
57.7128
0
0
0
0
0
0
0
0
0
0
0
0
0
0
0
65.3272
134.375
156.77
165.989
167.002
159.214
142.111
106.282
56.2683
0
0
0
0
0
0
0
0
0
0
0
0
0
0
0
0
0
0
0
0
0
0
0
0
0
0
0
0
0
0
0
0
0
0
0
0
0
0
0
0
68.2066
60.5977
82.4637
130.081
125.494
99.1609
0
0
0
0
0
0
0
0
0
0
0
0
0
0
0
0
0
0
131.071
133.32
144.653
150.622
86.7024
92.8263
100.72
0
0
0
0
0
0
0
0
0
0
0
0
0
0
0
0
65.5083
93.8441
96.2483
159.115
167.715
158.567
141.237
106.152
0
0
0
0
0
0
0
0
0
0
0
0
0
0
0
0
64.1788
133.666
158.976
168.351
169.351
161.57
141.177
105.204
51.8584
0
0
0
0
0
0
0
0
0
0
0
0
0
0
0
63.2984
132.562
158.242
167.587
168.585
160.829
140.023
104.27
50.2857
0
0
0
0
0
0
0
0
0
0
0
0
0
0
0
0
120.538
126.183
69.5633
127.635
103.055
110.754
70.5718
0
0
0
0
0
0
0
0
0
0
0
0
0
0
0
0
49.6226
56.8343
98.835
119.633
147.488
0
0
0
0
0
0
0
0
0
0
0
0
0
0
0
0
0
0
0
61.0538
130.036
156.637
165.714
166.91
159.812
137.76
102.022
0
0
0
0
0
0
0
0
0
0
0
0
0
0
0
0
0
0
0
0
0
0
0
0
0
0
0
0
0
0
0
0
0
0
0
0
0
0
0
0
58.9108
132.031
132.937
119.896
86.3326
114.473
128.977
84.5331
0
0
0
0
0
0
0
0
0
0
0
0
0
0
0
0
58.4943
126.84
155.053
164.066
165.07
135.918
96.2002
58.8516
0
0
0
0
0
0
0
0
0
0
0
0
0
0
0
0
0
0
110.693
131.592
163.139
85.3544
93.5908
80.5997
0
0
0
0
0
0
0
0
0
0
0
0
0
0
0
0
59.6492
128.874
126.77
151.288
112.32
96.3835
0
0
0
0
0
0
0
0
0
0
0
0
0
0
0
0
0
0
49.478
119.278
90.9889
89.5896
84.0519
108.051
73.4879
75.9469
0
0
0
0
0
0
0
0
0
0
0
0
0
0
0
0
0
0
0
0
0
0
0
0
0
0
0
0
0
0
0
0
0
0
0
0
0
0
0
0
0
0
0
0
0
0
0
0
0
0
0
0
0
0
0
0
0
0
0
0
0
0
0
0
0
100.749
145.361
162.626
164.266
157.338
132.313
75.6304
0
0
0
0
0
0
0
0
0
0
0
0
0
0
0
0
0
99.3325
126.267
129.146
143.558
122.371
68.6779
61.0784
0
0
0
0
0
0
0
0
0
0
0
0
0
0
0
0
0
0
0
0
0
0
0
0
0
0
0
0
0
0
0
0
0
0
0
0
0
0
0
0
0
66.9986
0
0
0
71.4897
0
0
0
0
0
0
0
0
0
0
0
0
0
0
0
0
0
0
0
118.614
146.2
158.961
160.042
152.196
127.662
92.9691
0
0
0
0
0
0
0
0
0
0
0
0
0
0
0
0
0
68.5671
133.806
145.823
153.227
138.405
122.819
66.3389
0
0
0
0
0
0
0
0
0
0
0
0
0
0
0
0
0
0
97.238
97.5208
67.441
97.3182
0
0
0
0
0
0
0
0
0
0
0
0
0
0
0
0
0
0
0
115.131
124.621
140.108
148.663
151.452
121.161
92.7112
0
0
0
0
0
0
0
0
0
0
0
0
0
0
0
0
0
0
0
0
106.994
118.084
120.358
54.5592
0
0
0
0
0
0
0
0
0
0
0
0
0
0
0
0
0
0
0
0
0
0
0
0
0
0
0
0
0
0
0
0
0
0
0
0
0
0
0
0
0
112.88
140.736
155.9
157.653
147.943
123.571
89.8396
0
0
0
0
0
0
0
0
0
0
0
0
0
0
0
0
0
89.0303
102.623
140.318
153.831
101.55
64.2456
59.2207
0
0
0
0
0
0
0
0
0
0
0
0
0
0
0
0
0
115.628
143.327
146.888
98.6837
0
0
0
0
0
0
0
0
0
0
0
0
0
0
0
0
0
0
0
0
111.684
127.503
135.835
149.352
133.663
120.136
90.5986
0
0
0
0
0
0
0
0
0
0
0
0
0
0
0
0
0
109.697
137.87
153.555
155.369
145.288
121.63
88.0182
0
0
0
0
0
0
0
0
0
0
0
0
0
0
0
0
0
110.926
138.008
152.248
156.084
135.002
93.6891
80.7617
0
0
0
0
0
0
0
0
0
0
0
0
0
0
0
0
0
108.012
135.791
152.441
154.645
144.16
120.753
86.6467
0
0
0
0
0
0
0
0
0
0
0
0
0
0
0
0
0
109.728
137.224
153.811
156.543
145.782
122.111
88.1128
0
0
0
0
0
0
0
0
0
0
0
0
0
0
0
0
0
109.855
137.934
154.799
157.071
146.664
122.974
88.4741
0
0
0
0
0
0
0
0
0
0
0
0
0
0
0
0
0
109.042
137.028
153.861
157.014
145.872
122.331
87.7373
0
0
0
0
0
0
0
0
0
0
0
0
0
0
0
0
0
0
56.4668
0
58.3905
0
63.4008
63.1239
0
0
0
0
0
0
0
0
0
0
0
0
0
0
0
0
0
107.765
135.261
152.423
156.171
144.903
121.596
87.4654
0
0
0
0
0
0
0
0
0
0
0
0
0
0
0
0
0
106.517
134.939
152.114
155.923
144.725
121.505
86.9505
0
0
0
0
0
0
0
0
0
0
0
0
0
0
0
0
0
0
0
0
0
0
0
0
0
0
0
0
0
0
0
0
0
0
0
0
0
0
0
0
0
0
119.219
89.7016
65.4132
71.9441
69.5734
0
0
0
0
0
0
0
0
0
0
0
0
0
0
0
0
0
0
0
0
80.7745
132.722
133.683
89.1136
0
0
0
0
0
0
0
0
0
0
0
0
0
0
0
0
0
0
0
0
0
0
0
0
0
0
0
0
0
0
0
0
0
0
0
0
0
0
0
0
0
0
0
0
0
0
0
0
0
0
0
0
0
0
0
0
0
0
0
0
0
0
0
0
0
0
0
0
0
0
0
0
0
0
0
0
0
0
0
0
0
0
0
0
0
0
0
0
0
0
0
0
59.1849
100.37
103.672
100.596
74.3859
0
0
0
0
0
0
0
0
0
0
0
0
0
0
0
0
0
79.3031
123.532
149.061
155.692
140.353
109.69
71.8247
0
0
0
0
0
0
0
0
0
0
0
0
0
0
0
0
0
0
0
0
0
84.3718
72.2361
0
0
0
0
0
0
0
0
0
0
0
0
0
0
0
0
0
0
0
98.7109
124.51
111.804
100.074
58.0433
0
0
0
0
0
0
0
0
0
0
0
0
0
0
0
0
0
0
76.3948
121.954
147.475
154.871
139.752
109.827
72.2078
0
0
0
0
0
0
0
0
0
0
0
0
0
0
0
0
0
0
106.189
144.331
155.984
126.444
102.995
75.0468
0
0
0
0
0
0
0
0
0
0
0
0
0
0
0
0
0
0
0
50.0676
92.2271
105.312
82.5042
59.6569
0
0
0
0
0
0
0
0
0
0
0
0
0
0
0
0
0
76.3967
121.026
146.604
154.203
139.848
110.075
73.194
0
0
0
0
0
0
0
0
0
0
0
0
0
0
0
0
0
0
61.4764
121.06
132.972
102.607
60.2903
0
0
0
0
0
0
0
0
0
0
0
0
0
0
0
0
0
0
0
0
0
0
0
0
0
0
0
0
0
0
0
0
0
0
0
0
0
0
0
0
0
0
0
98.5492
96.678
83.826
69.4044
0
0
0
0
0
0
0
0
0
0
0
0
0
0
0
0
0
0
0
0
0
0
0
0
0
0
0
0
0
0
0
0
0
0
0
0
0
0
0
0
0
0
0
70.3043
119.398
145.851
154.395
140.876
111.243
74.8599
0
0
0
0
0
0
0
0
0
0
0
0
0
0
0
0
0
70.4673
119.357
145.107
154.485
141.017
111.922
75.4466
0
0
0
0
0
0
0
0
0
0
0
0
0
0
0
0
0
51.0711
119.33
145.89
154.593
141.735
112.104
75.6109
0
0
0
0
0
0
0
0
0
0
0
0
0
0
0
0
0
0
118.271
135.737
104.108
82.6478
82.2827
63.5211
0
0
0
0
0
0
0
0
0
0
0
0
0
0
0
0
0
0
117.224
144.105
151.754
139.665
95.8407
56.0367
0
0
0
0
0
0
0
0
0
0
0
0
0
0
0
0
0
0
101.724
125.304
140.252
145.296
116.483
80.3667
0
0
0
0
0
0
0
0
0
0
0
0
0
0
0
0
0
50.9026
118.833
146.161
155.772
143.642
114.49
77.8052
0
0
0
0
0
0
0
